dpDict = {
    "/home/younger/work/nerfstudio/outputs/gazebo4_transformed/splatfacto/2024-08-05_204928/config.yml": 
    {
        "transform": [
            [
                0.9947746992111206,
                -0.07210789620876312,
                -0.07227572053670883,
                1278.867919921875
            ],
            [
                -0.07210789620876312,
                0.004931271076202393,
                -0.9973846673965454,
                -75.30574035644531
            ],
            [
                0.07227572053670883,
                0.9973846673965454,
                -0.00029408931732177734,
                -566.6797485351562
            ]
        ],
        "scale": 0.00042486766191778165
    },
    "/home/younger/work/nerfstudio/outputs/gazebo4_resampled3_dataset/splatfacto/2024-08-19_160517/config.yml":
    {
        "transform": [
            [
                0.999030590057373,
                -0.03122817538678646,
                -0.031026339158415794,
                1046.9239501953125
            ],
            [
                -0.03122817538678646,
                -0.005996346473693848,
                -0.9994943141937256,
                -22.183147430419922
            ],
            [
                0.031026339158415794,
                0.9994943141937256,
                -0.006965756416320801,
                -360.2428283691406
            ]
        ],
        "scale": 0.0003920489111645499
    }
}